2023/06/15-23:33:23.434564 15c0 RocksDB version: 7.7.3
2023/06/15-23:33:23.434623 15c0 Git sha eb9a80fe1f18017b4d7f4084e8f2554f12234822
2023/06/15-23:33:23.434638 15c0 Compile date 2022-10-24 17:17:55
2023/06/15-23:33:23.434653 15c0 DB SUMMARY
2023/06/15-23:33:23.434663 15c0 DB Session ID:  Y89ZVCMTBOP1QOB5OGQQ
2023/06/15-23:33:23.434864 15c0 SST files in D:\INFOSYS\HYPERLEDGER BESU\QBFT_BESU_NETWORK\NODE-2\data\database dir, Total Num: 0, files: 
2023/06/15-23:33:23.434880 15c0 Write Ahead Log file in D:\INFOSYS\HYPERLEDGER BESU\QBFT_BESU_NETWORK\NODE-2\data\database: 
2023/06/15-23:33:23.434894 15c0                         Options.error_if_exists: 0
2023/06/15-23:33:23.434903 15c0                       Options.create_if_missing: 1
2023/06/15-23:33:23.434911 15c0                         Options.paranoid_checks: 1
2023/06/15-23:33:23.435025 15c0             Options.flush_verify_memtable_count: 1
2023/06/15-23:33:23.435032 15c0                               Options.track_and_verify_wals_in_manifest: 0
2023/06/15-23:33:23.435035 15c0        Options.verify_sst_unique_id_in_manifest: 1
2023/06/15-23:33:23.435038 15c0                                     Options.env: 00000208F4BEFCD0
2023/06/15-23:33:23.435042 15c0                                      Options.fs: WinFS
2023/06/15-23:33:23.435045 15c0                                Options.info_log: 00000208F4D08620
2023/06/15-23:33:23.435048 15c0                Options.max_file_opening_threads: 16
2023/06/15-23:33:23.435051 15c0                              Options.statistics: 00000208F4C17120
2023/06/15-23:33:23.435054 15c0                               Options.use_fsync: 0
2023/06/15-23:33:23.435057 15c0                       Options.max_log_file_size: 0
2023/06/15-23:33:23.435061 15c0                  Options.max_manifest_file_size: 1073741824
2023/06/15-23:33:23.435065 15c0                   Options.log_file_time_to_roll: 0
2023/06/15-23:33:23.435069 15c0                       Options.keep_log_file_num: 1000
2023/06/15-23:33:23.435073 15c0                    Options.recycle_log_file_num: 0
2023/06/15-23:33:23.435115 15c0                         Options.allow_fallocate: 1
2023/06/15-23:33:23.435124 15c0                        Options.allow_mmap_reads: 0
2023/06/15-23:33:23.435128 15c0                       Options.allow_mmap_writes: 0
2023/06/15-23:33:23.435132 15c0                        Options.use_direct_reads: 0
2023/06/15-23:33:23.435136 15c0                        Options.use_direct_io_for_flush_and_compaction: 0
2023/06/15-23:33:23.435141 15c0          Options.create_missing_column_families: 1
2023/06/15-23:33:23.435146 15c0                              Options.db_log_dir: 
2023/06/15-23:33:23.435150 15c0                                 Options.wal_dir: 
2023/06/15-23:33:23.435154 15c0                Options.table_cache_numshardbits: 6
2023/06/15-23:33:23.435157 15c0                         Options.WAL_ttl_seconds: 0
2023/06/15-23:33:23.435161 15c0                       Options.WAL_size_limit_MB: 0
2023/06/15-23:33:23.435164 15c0                        Options.max_write_batch_group_size_bytes: 1048576
2023/06/15-23:33:23.435167 15c0             Options.manifest_preallocation_size: 4194304
2023/06/15-23:33:23.435170 15c0                     Options.is_fd_close_on_exec: 1
2023/06/15-23:33:23.435173 15c0                   Options.advise_random_on_open: 1
2023/06/15-23:33:23.435175 15c0                    Options.db_write_buffer_size: 0
2023/06/15-23:33:23.435178 15c0                    Options.write_buffer_manager: 00000208F4BF0720
2023/06/15-23:33:23.435181 15c0         Options.access_hint_on_compaction_start: 1
2023/06/15-23:33:23.435184 15c0           Options.random_access_max_buffer_size: 1048576
2023/06/15-23:33:23.435187 15c0                      Options.use_adaptive_mutex: 0
2023/06/15-23:33:23.435190 15c0                            Options.rate_limiter: 0000000000000000
2023/06/15-23:33:23.435193 15c0     Options.sst_file_manager.rate_bytes_per_sec: 0
2023/06/15-23:33:23.435196 15c0                       Options.wal_recovery_mode: 2
2023/06/15-23:33:23.435199 15c0                  Options.enable_thread_tracking: 0
2023/06/15-23:33:23.435227 15c0                  Options.enable_pipelined_write: 0
2023/06/15-23:33:23.435232 15c0                  Options.unordered_write: 0
2023/06/15-23:33:23.435235 15c0         Options.allow_concurrent_memtable_write: 1
2023/06/15-23:33:23.435238 15c0      Options.enable_write_thread_adaptive_yield: 1
2023/06/15-23:33:23.435241 15c0             Options.write_thread_max_yield_usec: 100
2023/06/15-23:33:23.435244 15c0            Options.write_thread_slow_yield_usec: 3
2023/06/15-23:33:23.435247 15c0                               Options.row_cache: None
2023/06/15-23:33:23.435250 15c0                              Options.wal_filter: None
2023/06/15-23:33:23.435254 15c0             Options.avoid_flush_during_recovery: 0
2023/06/15-23:33:23.435257 15c0             Options.allow_ingest_behind: 0
2023/06/15-23:33:23.435260 15c0             Options.two_write_queues: 0
2023/06/15-23:33:23.435263 15c0             Options.manual_wal_flush: 0
2023/06/15-23:33:23.435266 15c0             Options.wal_compression: 0
2023/06/15-23:33:23.435268 15c0             Options.atomic_flush: 0
2023/06/15-23:33:23.435271 15c0             Options.avoid_unnecessary_blocking_io: 0
2023/06/15-23:33:23.435274 15c0                 Options.persist_stats_to_disk: 0
2023/06/15-23:33:23.435277 15c0                 Options.write_dbid_to_manifest: 0
2023/06/15-23:33:23.435280 15c0                 Options.log_readahead_size: 0
2023/06/15-23:33:23.435283 15c0                 Options.file_checksum_gen_factory: Unknown
2023/06/15-23:33:23.435286 15c0                 Options.best_efforts_recovery: 0
2023/06/15-23:33:23.435289 15c0                Options.max_bgerror_resume_count: 2147483647
2023/06/15-23:33:23.435292 15c0            Options.bgerror_resume_retry_interval: 1000000
2023/06/15-23:33:23.435294 15c0             Options.allow_data_in_errors: 0
2023/06/15-23:33:23.435297 15c0             Options.db_host_id: __hostname__
2023/06/15-23:33:23.435300 15c0             Options.enforce_single_del_contracts: true
2023/06/15-23:33:23.435303 15c0             Options.max_background_jobs: 2
2023/06/15-23:33:23.435306 15c0             Options.max_background_compactions: 4
2023/06/15-23:33:23.435309 15c0             Options.max_subcompactions: 1
2023/06/15-23:33:23.435312 15c0             Options.avoid_flush_during_shutdown: 0
2023/06/15-23:33:23.435314 15c0           Options.writable_file_max_buffer_size: 1048576
2023/06/15-23:33:23.435317 15c0             Options.delayed_write_rate : 16777216
2023/06/15-23:33:23.435320 15c0             Options.max_total_wal_size: 0
2023/06/15-23:33:23.435323 15c0             Options.delete_obsolete_files_period_micros: 21600000000
2023/06/15-23:33:23.435326 15c0                   Options.stats_dump_period_sec: 600
2023/06/15-23:33:23.435329 15c0                 Options.stats_persist_period_sec: 600
2023/06/15-23:33:23.435332 15c0                 Options.stats_history_buffer_size: 1048576
2023/06/15-23:33:23.435335 15c0                          Options.max_open_files: 1024
2023/06/15-23:33:23.435338 15c0                          Options.bytes_per_sync: 0
2023/06/15-23:33:23.435340 15c0                      Options.wal_bytes_per_sync: 0
2023/06/15-23:33:23.435343 15c0                   Options.strict_bytes_per_sync: 0
2023/06/15-23:33:23.435346 15c0       Options.compaction_readahead_size: 0
2023/06/15-23:33:23.435349 15c0                  Options.max_background_flushes: -1
2023/06/15-23:33:23.435352 15c0 Compression algorithms supported:
2023/06/15-23:33:23.435363 15c0 	kZSTD supported: 1
2023/06/15-23:33:23.435366 15c0 	kSnappyCompression supported: 1
2023/06/15-23:33:23.435369 15c0 	kBZip2Compression supported: 0
2023/06/15-23:33:23.435372 15c0 	kZlibCompression supported: 1
2023/06/15-23:33:23.435375 15c0 	kLZ4Compression supported: 1
2023/06/15-23:33:23.435378 15c0 	kXpressCompression supported: 0
2023/06/15-23:33:23.435381 15c0 	kLZ4HCCompression supported: 1
2023/06/15-23:33:23.435383 15c0 	kZSTDNotFinalCompression supported: 1
2023/06/15-23:33:23.435395 15c0 Fast CRC32 supported: Not supported on x86
2023/06/15-23:33:23.435412 15c0 DMutex implementation: std::mutex
2023/06/15-23:33:23.438440 15c0 [db\db_impl\db_impl_open.cc:313] Creating manifest 1 
2023/06/15-23:33:23.442417 15c0 [db\version_set.cc:5531] Recovering from manifest file: D:\INFOSYS\HYPERLEDGER BESU\QBFT_BESU_NETWORK\NODE-2\data\database/MANIFEST-000001
2023/06/15-23:33:23.442668 15c0 [db\column_family.cc:633] --------------- Options for column family [default]:
2023/06/15-23:33:23.442678 15c0               Options.comparator: leveldb.BytewiseComparator
2023/06/15-23:33:23.442682 15c0           Options.merge_operator: None
2023/06/15-23:33:23.442685 15c0        Options.compaction_filter: None
2023/06/15-23:33:23.442688 15c0        Options.compaction_filter_factory: None
2023/06/15-23:33:23.442691 15c0  Options.sst_partitioner_factory: None
2023/06/15-23:33:23.442693 15c0         Options.memtable_factory: SkipListFactory
2023/06/15-23:33:23.442696 15c0            Options.table_factory: BlockBasedTable
2023/06/15-23:33:23.442725 15c0            table_factory options:   flush_block_policy_factory: FlushBlockBySizePolicyFactory (00000208F59E2A70)
  cache_index_and_filter_blocks: 0
  cache_index_and_filter_blocks_with_high_priority: 1
  pin_l0_filter_and_index_blocks_in_cache: 0
  pin_top_level_index_and_filter: 1
  index_type: 0
  data_block_index_type: 0
  index_shortening: 1
  data_block_hash_table_util_ratio: 0.750000
  checksum: 1
  no_block_cache: 0
  block_cache: 00000208F4BEC900
  block_cache_name: LRUCache
  block_cache_options:
    capacity : 134217728
    num_shard_bits : 6
    strict_capacity_limit : 0
    memory_allocator : None
    high_pri_pool_ratio: 0.000
    low_pri_pool_ratio: 0.000
  block_cache_compressed: 0000000000000000
  persistent_cache: 0000000000000000
  block_size: 32768
  block_size_deviation: 10
  block_restart_interval: 16
  index_block_restart_interval: 1
  metadata_block_size: 4096
  partition_filters: 0
  use_delta_encoding: 1
  filter_policy: bloomfilter
  whole_key_filtering: 1
  verify_compression: 0
  read_amp_bytes_per_bit: 0
  format_version: 5
  enable_index_compression: 1
  block_align: 0
  max_auto_readahead_size: 262144
  prepopulate_block_cache: 0
  initial_auto_readahead_size: 8192
  num_file_reads_for_auto_readahead: 2
2023/06/15-23:33:23.442729 15c0        Options.write_buffer_size: 67108864
2023/06/15-23:33:23.442732 15c0  Options.max_write_buffer_number: 2
2023/06/15-23:33:23.442734 15c0          Options.compression: LZ4
2023/06/15-23:33:23.442737 15c0                  Options.bottommost_compression: Disabled
2023/06/15-23:33:23.442740 15c0       Options.prefix_extractor: nullptr
2023/06/15-23:33:23.442743 15c0   Options.memtable_insert_with_hint_prefix_extractor: nullptr
2023/06/15-23:33:23.442746 15c0             Options.num_levels: 7
2023/06/15-23:33:23.442749 15c0        Options.min_write_buffer_number_to_merge: 1
2023/06/15-23:33:23.442752 15c0     Options.max_write_buffer_number_to_maintain: 0
2023/06/15-23:33:23.442755 15c0     Options.max_write_buffer_size_to_maintain: 134217728
2023/06/15-23:33:23.442757 15c0            Options.bottommost_compression_opts.window_bits: -14
2023/06/15-23:33:23.442760 15c0                  Options.bottommost_compression_opts.level: 32767
2023/06/15-23:33:23.442764 15c0               Options.bottommost_compression_opts.strategy: 0
2023/06/15-23:33:23.442766 15c0         Options.bottommost_compression_opts.max_dict_bytes: 0
2023/06/15-23:33:23.442769 15c0         Options.bottommost_compression_opts.zstd_max_train_bytes: 0
2023/06/15-23:33:23.442772 15c0         Options.bottommost_compression_opts.parallel_threads: 1
2023/06/15-23:33:23.442775 15c0                  Options.bottommost_compression_opts.enabled: false
2023/06/15-23:33:23.442778 15c0         Options.bottommost_compression_opts.max_dict_buffer_bytes: 0
2023/06/15-23:33:23.442781 15c0         Options.bottommost_compression_opts.use_zstd_dict_trainer: true
2023/06/15-23:33:23.442784 15c0            Options.compression_opts.window_bits: -14
2023/06/15-23:33:23.442787 15c0                  Options.compression_opts.level: 32767
2023/06/15-23:33:23.442793 15c0               Options.compression_opts.strategy: 0
2023/06/15-23:33:23.442797 15c0         Options.compression_opts.max_dict_bytes: 0
2023/06/15-23:33:23.442801 15c0         Options.compression_opts.zstd_max_train_bytes: 0
2023/06/15-23:33:23.442804 15c0         Options.compression_opts.use_zstd_dict_trainer: true
2023/06/15-23:33:23.442807 15c0         Options.compression_opts.parallel_threads: 1
2023/06/15-23:33:23.442810 15c0                  Options.compression_opts.enabled: false
2023/06/15-23:33:23.442814 15c0         Options.compression_opts.max_dict_buffer_bytes: 0
2023/06/15-23:33:23.442817 15c0      Options.level0_file_num_compaction_trigger: 4
2023/06/15-23:33:23.442820 15c0          Options.level0_slowdown_writes_trigger: 20
2023/06/15-23:33:23.442822 15c0              Options.level0_stop_writes_trigger: 36
2023/06/15-23:33:23.442825 15c0                   Options.target_file_size_base: 67108864
2023/06/15-23:33:23.442828 15c0             Options.target_file_size_multiplier: 1
2023/06/15-23:33:23.442831 15c0                Options.max_bytes_for_level_base: 268435456
2023/06/15-23:33:23.442834 15c0 Options.level_compaction_dynamic_level_bytes: 0
2023/06/15-23:33:23.442836 15c0          Options.max_bytes_for_level_multiplier: 10.000000
2023/06/15-23:33:23.442843 15c0 Options.max_bytes_for_level_multiplier_addtl[0]: 1
2023/06/15-23:33:23.442847 15c0 Options.max_bytes_for_level_multiplier_addtl[1]: 1
2023/06/15-23:33:23.442850 15c0 Options.max_bytes_for_level_multiplier_addtl[2]: 1
2023/06/15-23:33:23.442852 15c0 Options.max_bytes_for_level_multiplier_addtl[3]: 1
2023/06/15-23:33:23.442855 15c0 Options.max_bytes_for_level_multiplier_addtl[4]: 1
2023/06/15-23:33:23.442858 15c0 Options.max_bytes_for_level_multiplier_addtl[5]: 1
2023/06/15-23:33:23.442861 15c0 Options.max_bytes_for_level_multiplier_addtl[6]: 1
2023/06/15-23:33:23.442864 15c0       Options.max_sequential_skip_in_iterations: 8
2023/06/15-23:33:23.442867 15c0                    Options.max_compaction_bytes: 1677721600
2023/06/15-23:33:23.442870 15c0                        Options.arena_block_size: 1048576
2023/06/15-23:33:23.442872 15c0   Options.soft_pending_compaction_bytes_limit: 68719476736
2023/06/15-23:33:23.442875 15c0   Options.hard_pending_compaction_bytes_limit: 274877906944
2023/06/15-23:33:23.442878 15c0                Options.disable_auto_compactions: 0
2023/06/15-23:33:23.442881 15c0                        Options.compaction_style: kCompactionStyleLevel
2023/06/15-23:33:23.442885 15c0                          Options.compaction_pri: kMinOverlappingRatio
2023/06/15-23:33:23.442888 15c0 Options.compaction_options_universal.size_ratio: 1
2023/06/15-23:33:23.442891 15c0 Options.compaction_options_universal.min_merge_width: 2
2023/06/15-23:33:23.442894 15c0 Options.compaction_options_universal.max_merge_width: 4294967295
2023/06/15-23:33:23.442896 15c0 Options.compaction_options_universal.max_size_amplification_percent: 200
2023/06/15-23:33:23.442899 15c0 Options.compaction_options_universal.compression_size_percent: -1
2023/06/15-23:33:23.442903 15c0 Options.compaction_options_universal.stop_style: kCompactionStopStyleTotalSize
2023/06/15-23:33:23.442906 15c0 Options.compaction_options_fifo.max_table_files_size: 1073741824
2023/06/15-23:33:23.442909 15c0 Options.compaction_options_fifo.allow_compaction: 0
2023/06/15-23:33:23.442913 15c0                   Options.table_properties_collectors: 
2023/06/15-23:33:23.442916 15c0                   Options.inplace_update_support: 0
2023/06/15-23:33:23.442919 15c0                 Options.inplace_update_num_locks: 10000
2023/06/15-23:33:23.442922 15c0               Options.memtable_prefix_bloom_size_ratio: 0.000000
2023/06/15-23:33:23.442925 15c0               Options.memtable_whole_key_filtering: 0
2023/06/15-23:33:23.442928 15c0   Options.memtable_huge_page_size: 0
2023/06/15-23:33:23.442931 15c0                           Options.bloom_locality: 0
2023/06/15-23:33:23.442934 15c0                    Options.max_successive_merges: 0
2023/06/15-23:33:23.442970 15c0                Options.optimize_filters_for_hits: 0
2023/06/15-23:33:23.442974 15c0                Options.paranoid_file_checks: 0
2023/06/15-23:33:23.442977 15c0                Options.force_consistency_checks: 1
2023/06/15-23:33:23.442980 15c0                Options.report_bg_io_stats: 0
2023/06/15-23:33:23.442983 15c0                               Options.ttl: 0
2023/06/15-23:33:23.442986 15c0          Options.periodic_compaction_seconds: 0
2023/06/15-23:33:23.442989 15c0  Options.preclude_last_level_data_seconds: 0
2023/06/15-23:33:23.442992 15c0                       Options.enable_blob_files: false
2023/06/15-23:33:23.442995 15c0                           Options.min_blob_size: 0
2023/06/15-23:33:23.442997 15c0                          Options.blob_file_size: 268435456
2023/06/15-23:33:23.443000 15c0                   Options.blob_compression_type: NoCompression
2023/06/15-23:33:23.443004 15c0          Options.enable_blob_garbage_collection: false
2023/06/15-23:33:23.443006 15c0      Options.blob_garbage_collection_age_cutoff: 0.250000
2023/06/15-23:33:23.443010 15c0 Options.blob_garbage_collection_force_threshold: 1.000000
2023/06/15-23:33:23.443013 15c0          Options.blob_compaction_readahead_size: 0
2023/06/15-23:33:23.443016 15c0                Options.blob_file_starting_level: 0
2023/06/15-23:33:23.443019 15c0 Options.experimental_mempurge_threshold: 0.000000
2023/06/15-23:33:23.444696 15c0 [db\version_set.cc:5579] Recovered from manifest file:D:\INFOSYS\HYPERLEDGER BESU\QBFT_BESU_NETWORK\NODE-2\data\database/MANIFEST-000001 succeeded,manifest_file_number is 1, next_file_number is 3, last_sequence is 0, log_number is 0,prev_log_number is 0,max_column_family is 0,min_log_number_to_keep is 0
2023/06/15-23:33:23.444711 15c0 [db\version_set.cc:5588] Column family [default] (ID 0), log number is 0
2023/06/15-23:33:23.444921 15c0 [db\db_impl\db_impl_open.cc:529] DB ID: eaa6cb65-0ba6-11ee-829c-00090faa0001
2023/06/15-23:33:23.445886 15c0 [db\version_set.cc:5051] Creating manifest 5
2023/06/15-23:33:23.451371 15c0 [db\column_family.cc:633] --------------- Options for column family []:
2023/06/15-23:33:23.451396 15c0               Options.comparator: leveldb.BytewiseComparator
2023/06/15-23:33:23.451400 15c0           Options.merge_operator: None
2023/06/15-23:33:23.451403 15c0        Options.compaction_filter: None
2023/06/15-23:33:23.451406 15c0        Options.compaction_filter_factory: None
2023/06/15-23:33:23.451409 15c0  Options.sst_partitioner_factory: None
2023/06/15-23:33:23.451412 15c0         Options.memtable_factory: SkipListFactory
2023/06/15-23:33:23.451415 15c0            Options.table_factory: BlockBasedTable
2023/06/15-23:33:23.451447 15c0            table_factory options:   flush_block_policy_factory: FlushBlockBySizePolicyFactory (00000208F59DFAA0)
  cache_index_and_filter_blocks: 0
  cache_index_and_filter_blocks_with_high_priority: 1
  pin_l0_filter_and_index_blocks_in_cache: 0
  pin_top_level_index_and_filter: 1
  index_type: 0
  data_block_index_type: 0
  index_shortening: 1
  data_block_hash_table_util_ratio: 0.750000
  checksum: 1
  no_block_cache: 0
  block_cache: 00000208F4BEB940
  block_cache_name: LRUCache
  block_cache_options:
    capacity : 134217728
    num_shard_bits : 6
    strict_capacity_limit : 0
    memory_allocator : None
    high_pri_pool_ratio: 0.000
    low_pri_pool_ratio: 0.000
  block_cache_compressed: 0000000000000000
  persistent_cache: 0000000000000000
  block_size: 32768
  block_size_deviation: 10
  block_restart_interval: 16
  index_block_restart_interval: 1
  metadata_block_size: 4096
  partition_filters: 0
  use_delta_encoding: 1
  filter_policy: bloomfilter
  whole_key_filtering: 1
  verify_compression: 0
  read_amp_bytes_per_bit: 0
  format_version: 5
  enable_index_compression: 1
  block_align: 0
  max_auto_readahead_size: 262144
  prepopulate_block_cache: 0
  initial_auto_readahead_size: 8192
  num_file_reads_for_auto_readahead: 2
2023/06/15-23:33:23.451451 15c0        Options.write_buffer_size: 67108864
2023/06/15-23:33:23.451454 15c0  Options.max_write_buffer_number: 2
2023/06/15-23:33:23.451462 15c0          Options.compression: LZ4
2023/06/15-23:33:23.451469 15c0                  Options.bottommost_compression: Disabled
2023/06/15-23:33:23.451472 15c0       Options.prefix_extractor: nullptr
2023/06/15-23:33:23.451475 15c0   Options.memtable_insert_with_hint_prefix_extractor: nullptr
2023/06/15-23:33:23.451478 15c0             Options.num_levels: 7
2023/06/15-23:33:23.451480 15c0        Options.min_write_buffer_number_to_merge: 1
2023/06/15-23:33:23.451483 15c0     Options.max_write_buffer_number_to_maintain: 0
2023/06/15-23:33:23.451486 15c0     Options.max_write_buffer_size_to_maintain: 134217728
2023/06/15-23:33:23.451489 15c0            Options.bottommost_compression_opts.window_bits: -14
2023/06/15-23:33:23.451492 15c0                  Options.bottommost_compression_opts.level: 32767
2023/06/15-23:33:23.451495 15c0               Options.bottommost_compression_opts.strategy: 0
2023/06/15-23:33:23.451498 15c0         Options.bottommost_compression_opts.max_dict_bytes: 0
2023/06/15-23:33:23.451501 15c0         Options.bottommost_compression_opts.zstd_max_train_bytes: 0
2023/06/15-23:33:23.451504 15c0         Options.bottommost_compression_opts.parallel_threads: 1
2023/06/15-23:33:23.451507 15c0                  Options.bottommost_compression_opts.enabled: false
2023/06/15-23:33:23.451509 15c0         Options.bottommost_compression_opts.max_dict_buffer_bytes: 0
2023/06/15-23:33:23.451512 15c0         Options.bottommost_compression_opts.use_zstd_dict_trainer: true
2023/06/15-23:33:23.451515 15c0            Options.compression_opts.window_bits: -14
2023/06/15-23:33:23.451518 15c0                  Options.compression_opts.level: 32767
2023/06/15-23:33:23.451521 15c0               Options.compression_opts.strategy: 0
2023/06/15-23:33:23.451524 15c0         Options.compression_opts.max_dict_bytes: 0
2023/06/15-23:33:23.451527 15c0         Options.compression_opts.zstd_max_train_bytes: 0
2023/06/15-23:33:23.451530 15c0         Options.compression_opts.use_zstd_dict_trainer: true
2023/06/15-23:33:23.451533 15c0         Options.compression_opts.parallel_threads: 1
2023/06/15-23:33:23.451536 15c0                  Options.compression_opts.enabled: false
2023/06/15-23:33:23.451539 15c0         Options.compression_opts.max_dict_buffer_bytes: 0
2023/06/15-23:33:23.451541 15c0      Options.level0_file_num_compaction_trigger: 4
2023/06/15-23:33:23.451544 15c0          Options.level0_slowdown_writes_trigger: 20
2023/06/15-23:33:23.451547 15c0              Options.level0_stop_writes_trigger: 36
2023/06/15-23:33:23.451550 15c0                   Options.target_file_size_base: 67108864
2023/06/15-23:33:23.451553 15c0             Options.target_file_size_multiplier: 1
2023/06/15-23:33:23.451556 15c0                Options.max_bytes_for_level_base: 268435456
2023/06/15-23:33:23.451559 15c0 Options.level_compaction_dynamic_level_bytes: 0
2023/06/15-23:33:23.451562 15c0          Options.max_bytes_for_level_multiplier: 10.000000
2023/06/15-23:33:23.451565 15c0 Options.max_bytes_for_level_multiplier_addtl[0]: 1
2023/06/15-23:33:23.451568 15c0 Options.max_bytes_for_level_multiplier_addtl[1]: 1
2023/06/15-23:33:23.451571 15c0 Options.max_bytes_for_level_multiplier_addtl[2]: 1
2023/06/15-23:33:23.451574 15c0 Options.max_bytes_for_level_multiplier_addtl[3]: 1
2023/06/15-23:33:23.451577 15c0 Options.max_bytes_for_level_multiplier_addtl[4]: 1
2023/06/15-23:33:23.451580 15c0 Options.max_bytes_for_level_multiplier_addtl[5]: 1
2023/06/15-23:33:23.451583 15c0 Options.max_bytes_for_level_multiplier_addtl[6]: 1
2023/06/15-23:33:23.451586 15c0       Options.max_sequential_skip_in_iterations: 8
2023/06/15-23:33:23.451588 15c0                    Options.max_compaction_bytes: 1677721600
2023/06/15-23:33:23.451591 15c0                        Options.arena_block_size: 1048576
2023/06/15-23:33:23.451594 15c0   Options.soft_pending_compaction_bytes_limit: 68719476736
2023/06/15-23:33:23.451597 15c0   Options.hard_pending_compaction_bytes_limit: 274877906944
2023/06/15-23:33:23.451600 15c0                Options.disable_auto_compactions: 0
2023/06/15-23:33:23.451606 15c0                        Options.compaction_style: kCompactionStyleLevel
2023/06/15-23:33:23.451610 15c0                          Options.compaction_pri: kMinOverlappingRatio
2023/06/15-23:33:23.451613 15c0 Options.compaction_options_universal.size_ratio: 1
2023/06/15-23:33:23.451616 15c0 Options.compaction_options_universal.min_merge_width: 2
2023/06/15-23:33:23.451619 15c0 Options.compaction_options_universal.max_merge_width: 4294967295
2023/06/15-23:33:23.451622 15c0 Options.compaction_options_universal.max_size_amplification_percent: 200
2023/06/15-23:33:23.451625 15c0 Options.compaction_options_universal.compression_size_percent: -1
2023/06/15-23:33:23.451628 15c0 Options.compaction_options_universal.stop_style: kCompactionStopStyleTotalSize
2023/06/15-23:33:23.451631 15c0 Options.compaction_options_fifo.max_table_files_size: 1073741824
2023/06/15-23:33:23.451634 15c0 Options.compaction_options_fifo.allow_compaction: 0
2023/06/15-23:33:23.451641 15c0                   Options.table_properties_collectors: 
2023/06/15-23:33:23.451644 15c0                   Options.inplace_update_support: 0
2023/06/15-23:33:23.451647 15c0                 Options.inplace_update_num_locks: 10000
2023/06/15-23:33:23.451650 15c0               Options.memtable_prefix_bloom_size_ratio: 0.000000
2023/06/15-23:33:23.451653 15c0               Options.memtable_whole_key_filtering: 0
2023/06/15-23:33:23.451656 15c0   Options.memtable_huge_page_size: 0
2023/06/15-23:33:23.451659 15c0                           Options.bloom_locality: 0
2023/06/15-23:33:23.451661 15c0                    Options.max_successive_merges: 0
2023/06/15-23:33:23.451664 15c0                Options.optimize_filters_for_hits: 0
2023/06/15-23:33:23.451667 15c0                Options.paranoid_file_checks: 0
2023/06/15-23:33:23.451670 15c0                Options.force_consistency_checks: 1
2023/06/15-23:33:23.451673 15c0                Options.report_bg_io_stats: 0
2023/06/15-23:33:23.451676 15c0                               Options.ttl: 0
2023/06/15-23:33:23.451679 15c0          Options.periodic_compaction_seconds: 0
2023/06/15-23:33:23.451681 15c0  Options.preclude_last_level_data_seconds: 0
2023/06/15-23:33:23.451684 15c0                       Options.enable_blob_files: false
2023/06/15-23:33:23.451687 15c0                           Options.min_blob_size: 0
2023/06/15-23:33:23.451690 15c0                          Options.blob_file_size: 268435456
2023/06/15-23:33:23.451693 15c0                   Options.blob_compression_type: NoCompression
2023/06/15-23:33:23.451696 15c0          Options.enable_blob_garbage_collection: false
2023/06/15-23:33:23.451699 15c0      Options.blob_garbage_collection_age_cutoff: 0.250000
2023/06/15-23:33:23.451702 15c0 Options.blob_garbage_collection_force_threshold: 1.000000
2023/06/15-23:33:23.451706 15c0          Options.blob_compaction_readahead_size: 0
2023/06/15-23:33:23.451708 15c0                Options.blob_file_starting_level: 0
2023/06/15-23:33:23.451711 15c0 Options.experimental_mempurge_threshold: 0.000000
2023/06/15-23:33:23.451948 15c0 [db\db_impl\db_impl.cc:3086] Created column family [] (ID 1)
2023/06/15-23:33:23.457123 15c0 [db\column_family.cc:633] --------------- Options for column family []:
2023/06/15-23:33:23.457137 15c0               Options.comparator: leveldb.BytewiseComparator
2023/06/15-23:33:23.457141 15c0           Options.merge_operator: None
2023/06/15-23:33:23.457144 15c0        Options.compaction_filter: None
2023/06/15-23:33:23.457147 15c0        Options.compaction_filter_factory: None
2023/06/15-23:33:23.457150 15c0  Options.sst_partitioner_factory: None
2023/06/15-23:33:23.457153 15c0         Options.memtable_factory: SkipListFactory
2023/06/15-23:33:23.457156 15c0            Options.table_factory: BlockBasedTable
2023/06/15-23:33:23.457180 15c0            table_factory options:   flush_block_policy_factory: FlushBlockBySizePolicyFactory (00000208F59E00D0)
  cache_index_and_filter_blocks: 0
  cache_index_and_filter_blocks_with_high_priority: 1
  pin_l0_filter_and_index_blocks_in_cache: 0
  pin_top_level_index_and_filter: 1
  index_type: 0
  data_block_index_type: 0
  index_shortening: 1
  data_block_hash_table_util_ratio: 0.750000
  checksum: 1
  no_block_cache: 0
  block_cache: 00000208F4BEB880
  block_cache_name: LRUCache
  block_cache_options:
    capacity : 134217728
    num_shard_bits : 6
    strict_capacity_limit : 0
    memory_allocator : None
    high_pri_pool_ratio: 0.000
    low_pri_pool_ratio: 0.000
  block_cache_compressed: 0000000000000000
  persistent_cache: 0000000000000000
  block_size: 32768
  block_size_deviation: 10
  block_restart_interval: 16
  index_block_restart_interval: 1
  metadata_block_size: 4096
  partition_filters: 0
  use_delta_encoding: 1
  filter_policy: bloomfilter
  whole_key_filtering: 1
  verify_compression: 0
  read_amp_bytes_per_bit: 0
  format_version: 5
  enable_index_compression: 1
  block_align: 0
  max_auto_readahead_size: 262144
  prepopulate_block_cache: 0
  initial_auto_readahead_size: 8192
  num_file_reads_for_auto_readahead: 2
2023/06/15-23:33:23.457187 15c0        Options.write_buffer_size: 67108864
2023/06/15-23:33:23.457192 15c0  Options.max_write_buffer_number: 2
2023/06/15-23:33:23.457195 15c0          Options.compression: LZ4
2023/06/15-23:33:23.457198 15c0                  Options.bottommost_compression: Disabled
2023/06/15-23:33:23.457201 15c0       Options.prefix_extractor: nullptr
2023/06/15-23:33:23.457204 15c0   Options.memtable_insert_with_hint_prefix_extractor: nullptr
2023/06/15-23:33:23.457207 15c0             Options.num_levels: 7
2023/06/15-23:33:23.457209 15c0        Options.min_write_buffer_number_to_merge: 1
2023/06/15-23:33:23.457212 15c0     Options.max_write_buffer_number_to_maintain: 0
2023/06/15-23:33:23.457215 15c0     Options.max_write_buffer_size_to_maintain: 134217728
2023/06/15-23:33:23.457218 15c0            Options.bottommost_compression_opts.window_bits: -14
2023/06/15-23:33:23.457221 15c0                  Options.bottommost_compression_opts.level: 32767
2023/06/15-23:33:23.457224 15c0               Options.bottommost_compression_opts.strategy: 0
2023/06/15-23:33:23.457227 15c0         Options.bottommost_compression_opts.max_dict_bytes: 0
2023/06/15-23:33:23.457230 15c0         Options.bottommost_compression_opts.zstd_max_train_bytes: 0
2023/06/15-23:33:23.457233 15c0         Options.bottommost_compression_opts.parallel_threads: 1
2023/06/15-23:33:23.457235 15c0                  Options.bottommost_compression_opts.enabled: false
2023/06/15-23:33:23.457238 15c0         Options.bottommost_compression_opts.max_dict_buffer_bytes: 0
2023/06/15-23:33:23.457241 15c0         Options.bottommost_compression_opts.use_zstd_dict_trainer: true
2023/06/15-23:33:23.457244 15c0            Options.compression_opts.window_bits: -14
2023/06/15-23:33:23.457247 15c0                  Options.compression_opts.level: 32767
2023/06/15-23:33:23.457250 15c0               Options.compression_opts.strategy: 0
2023/06/15-23:33:23.457253 15c0         Options.compression_opts.max_dict_bytes: 0
2023/06/15-23:33:23.457256 15c0         Options.compression_opts.zstd_max_train_bytes: 0
2023/06/15-23:33:23.457258 15c0         Options.compression_opts.use_zstd_dict_trainer: true
2023/06/15-23:33:23.457261 15c0         Options.compression_opts.parallel_threads: 1
2023/06/15-23:33:23.457264 15c0                  Options.compression_opts.enabled: false
2023/06/15-23:33:23.457267 15c0         Options.compression_opts.max_dict_buffer_bytes: 0
2023/06/15-23:33:23.457270 15c0      Options.level0_file_num_compaction_trigger: 4
2023/06/15-23:33:23.457273 15c0          Options.level0_slowdown_writes_trigger: 20
2023/06/15-23:33:23.457275 15c0              Options.level0_stop_writes_trigger: 36
2023/06/15-23:33:23.457278 15c0                   Options.target_file_size_base: 67108864
2023/06/15-23:33:23.457281 15c0             Options.target_file_size_multiplier: 1
2023/06/15-23:33:23.457284 15c0                Options.max_bytes_for_level_base: 268435456
2023/06/15-23:33:23.457287 15c0 Options.level_compaction_dynamic_level_bytes: 0
2023/06/15-23:33:23.457320 15c0          Options.max_bytes_for_level_multiplier: 10.000000
2023/06/15-23:33:23.457325 15c0 Options.max_bytes_for_level_multiplier_addtl[0]: 1
2023/06/15-23:33:23.457328 15c0 Options.max_bytes_for_level_multiplier_addtl[1]: 1
2023/06/15-23:33:23.457331 15c0 Options.max_bytes_for_level_multiplier_addtl[2]: 1
2023/06/15-23:33:23.457334 15c0 Options.max_bytes_for_level_multiplier_addtl[3]: 1
2023/06/15-23:33:23.457336 15c0 Options.max_bytes_for_level_multiplier_addtl[4]: 1
2023/06/15-23:33:23.457339 15c0 Options.max_bytes_for_level_multiplier_addtl[5]: 1
2023/06/15-23:33:23.457342 15c0 Options.max_bytes_for_level_multiplier_addtl[6]: 1
2023/06/15-23:33:23.457345 15c0       Options.max_sequential_skip_in_iterations: 8
2023/06/15-23:33:23.457348 15c0                    Options.max_compaction_bytes: 1677721600
2023/06/15-23:33:23.457351 15c0                        Options.arena_block_size: 1048576
2023/06/15-23:33:23.457354 15c0   Options.soft_pending_compaction_bytes_limit: 68719476736
2023/06/15-23:33:23.457356 15c0   Options.hard_pending_compaction_bytes_limit: 274877906944
2023/06/15-23:33:23.457359 15c0                Options.disable_auto_compactions: 0
2023/06/15-23:33:23.457363 15c0                        Options.compaction_style: kCompactionStyleLevel
2023/06/15-23:33:23.457366 15c0                          Options.compaction_pri: kMinOverlappingRatio
2023/06/15-23:33:23.457369 15c0 Options.compaction_options_universal.size_ratio: 1
2023/06/15-23:33:23.457372 15c0 Options.compaction_options_universal.min_merge_width: 2
2023/06/15-23:33:23.457375 15c0 Options.compaction_options_universal.max_merge_width: 4294967295
2023/06/15-23:33:23.457378 15c0 Options.compaction_options_universal.max_size_amplification_percent: 200
2023/06/15-23:33:23.457381 15c0 Options.compaction_options_universal.compression_size_percent: -1
2023/06/15-23:33:23.457384 15c0 Options.compaction_options_universal.stop_style: kCompactionStopStyleTotalSize
2023/06/15-23:33:23.457387 15c0 Options.compaction_options_fifo.max_table_files_size: 1073741824
2023/06/15-23:33:23.457390 15c0 Options.compaction_options_fifo.allow_compaction: 0
2023/06/15-23:33:23.457395 15c0                   Options.table_properties_collectors: 
2023/06/15-23:33:23.457398 15c0                   Options.inplace_update_support: 0
2023/06/15-23:33:23.457401 15c0                 Options.inplace_update_num_locks: 10000
2023/06/15-23:33:23.457404 15c0               Options.memtable_prefix_bloom_size_ratio: 0.000000
2023/06/15-23:33:23.457407 15c0               Options.memtable_whole_key_filtering: 0
2023/06/15-23:33:23.457410 15c0   Options.memtable_huge_page_size: 0
2023/06/15-23:33:23.457413 15c0                           Options.bloom_locality: 0
2023/06/15-23:33:23.457416 15c0                    Options.max_successive_merges: 0
2023/06/15-23:33:23.457418 15c0                Options.optimize_filters_for_hits: 0
2023/06/15-23:33:23.457421 15c0                Options.paranoid_file_checks: 0
2023/06/15-23:33:23.457424 15c0                Options.force_consistency_checks: 1
2023/06/15-23:33:23.457427 15c0                Options.report_bg_io_stats: 0
2023/06/15-23:33:23.457430 15c0                               Options.ttl: 0
2023/06/15-23:33:23.457432 15c0          Options.periodic_compaction_seconds: 0
2023/06/15-23:33:23.457435 15c0  Options.preclude_last_level_data_seconds: 0
2023/06/15-23:33:23.457438 15c0                       Options.enable_blob_files: false
2023/06/15-23:33:23.457441 15c0                           Options.min_blob_size: 0
2023/06/15-23:33:23.457444 15c0                          Options.blob_file_size: 268435456
2023/06/15-23:33:23.457447 15c0                   Options.blob_compression_type: NoCompression
2023/06/15-23:33:23.457450 15c0          Options.enable_blob_garbage_collection: false
2023/06/15-23:33:23.457453 15c0      Options.blob_garbage_collection_age_cutoff: 0.250000
2023/06/15-23:33:23.457457 15c0 Options.blob_garbage_collection_force_threshold: 1.000000
2023/06/15-23:33:23.457460 15c0          Options.blob_compaction_readahead_size: 0
2023/06/15-23:33:23.457464 15c0                Options.blob_file_starting_level: 0
2023/06/15-23:33:23.457468 15c0 Options.experimental_mempurge_threshold: 0.000000
2023/06/15-23:33:23.457649 15c0 [db\db_impl\db_impl.cc:3086] Created column family [] (ID 2)
2023/06/15-23:33:23.465055 15c0 [db\column_family.cc:633] --------------- Options for column family []:
2023/06/15-23:33:23.465075 15c0               Options.comparator: leveldb.BytewiseComparator
2023/06/15-23:33:23.465080 15c0           Options.merge_operator: None
2023/06/15-23:33:23.465083 15c0        Options.compaction_filter: None
2023/06/15-23:33:23.465086 15c0        Options.compaction_filter_factory: None
2023/06/15-23:33:23.465089 15c0  Options.sst_partitioner_factory: None
2023/06/15-23:33:23.465092 15c0         Options.memtable_factory: SkipListFactory
2023/06/15-23:33:23.465095 15c0            Options.table_factory: BlockBasedTable
2023/06/15-23:33:23.465129 15c0            table_factory options:   flush_block_policy_factory: FlushBlockBySizePolicyFactory (00000208F59E04C0)
  cache_index_and_filter_blocks: 0
  cache_index_and_filter_blocks_with_high_priority: 1
  pin_l0_filter_and_index_blocks_in_cache: 0
  pin_top_level_index_and_filter: 1
  index_type: 0
  data_block_index_type: 0
  index_shortening: 1
  data_block_hash_table_util_ratio: 0.750000
  checksum: 1
  no_block_cache: 0
  block_cache: 00000208F4BECB40
  block_cache_name: LRUCache
  block_cache_options:
    capacity : 134217728
    num_shard_bits : 6
    strict_capacity_limit : 0
    memory_allocator : None
    high_pri_pool_ratio: 0.000
    low_pri_pool_ratio: 0.000
  block_cache_compressed: 0000000000000000
  persistent_cache: 0000000000000000
  block_size: 32768
  block_size_deviation: 10
  block_restart_interval: 16
  index_block_restart_interval: 1
  metadata_block_size: 4096
  partition_filters: 0
  use_delta_encoding: 1
  filter_policy: bloomfilter
  whole_key_filtering: 1
  verify_compression: 0
  read_amp_bytes_per_bit: 0
  format_version: 5
  enable_index_compression: 1
  block_align: 0
  max_auto_readahead_size: 262144
  prepopulate_block_cache: 0
  initial_auto_readahead_size: 8192
  num_file_reads_for_auto_readahead: 2
2023/06/15-23:33:23.465133 15c0        Options.write_buffer_size: 67108864
2023/06/15-23:33:23.465136 15c0  Options.max_write_buffer_number: 2
2023/06/15-23:33:23.465140 15c0          Options.compression: LZ4
2023/06/15-23:33:23.465142 15c0                  Options.bottommost_compression: Disabled
2023/06/15-23:33:23.465145 15c0       Options.prefix_extractor: nullptr
2023/06/15-23:33:23.465148 15c0   Options.memtable_insert_with_hint_prefix_extractor: nullptr
2023/06/15-23:33:23.465151 15c0             Options.num_levels: 7
2023/06/15-23:33:23.465154 15c0        Options.min_write_buffer_number_to_merge: 1
2023/06/15-23:33:23.465157 15c0     Options.max_write_buffer_number_to_maintain: 0
2023/06/15-23:33:23.465160 15c0     Options.max_write_buffer_size_to_maintain: 134217728
